# x	y	u	v	flags	mask
2.5901e-01	2.4865e-01	-8.8076e-02	2.7220e+00	0.0000e+00	0.0000e+00
4.6622e-01	2.4865e-01	-1.9987e-01	2.8761e+00	0.0000e+00	0.0000e+00
6.7344e-01	2.4865e-01	-4.8782e-01	3.0896e+00	0.0000e+00	0.0000e+00
8.8065e-01	2.4865e-01	-2.5239e-01	3.1937e+00	0.0000e+00	0.0000e+00
1.0879e+00	2.4865e-01	-9.7654e-02	3.1640e+00	0.0000e+00	0.0000e+00
1.2951e+00	2.4865e-01	-2.1203e-01	3.1506e+00	0.0000e+00	0.0000e+00
1.5023e+00	2.4865e-01	1.0235e-01	3.0646e+00	1.0000e+00	0.0000e+00
1.7095e+00	2.4865e-01	9.7558e-02	3.0410e+00	1.0000e+00	0.0000e+00
1.9167e+00	2.4865e-01	4.0484e-01	3.1347e+00	0.0000e+00	0.0000e+00
2.1239e+00	2.4865e-01	3.9027e-01	3.0704e+00	0.0000e+00	0.0000e+00
2.3311e+00	2.4865e-01	4.0526e-01	3.1005e+00	0.0000e+00	0.0000e+00
2.5383e+00	2.4865e-01	-5.0549e-02	2.8805e+00	1.0000e+00	0.0000e+00
2.7455e+00	2.4865e-01	-1.0319e-02	2.5892e+00	0.0000e+00	0.0000e+00
2.9528e+00	2.4865e-01	-1.2364e-01	2.8222e+00	1.0000e+00	0.0000e+00
3.1600e+00	2.4865e-01	-6.6559e-02	3.1898e+00	0.0000e+00	0.0000e+00
3.3672e+00	2.4865e-01	1.2333e-01	3.1026e+00	0.0000e+00	0.0000e+00
3.5744e+00	2.4865e-01	-1.4177e-01	3.1570e+00	0.0000e+00	0.0000e+00
3.7816e+00	2.4865e-01	-1.5634e-01	2.8984e+00	0.0000e+00	0.0000e+00
3.9888e+00	2.4865e-01	-8.5253e-02	2.9077e+00	0.0000e+00	0.0000e+00
4.1960e+00	2.4865e-01	-3.7755e-02	3.1144e+00	0.0000e+00	0.0000e+00
4.4032e+00	2.4865e-01	-1.6524e-01	2.6748e+00	0.0000e+00	0.0000e+00
4.6104e+00	2.4865e-01	-3.9777e-02	2.6392e+00	0.0000e+00	0.0000e+00
4.8177e+00	2.4865e-01	1.5056e-01	3.1228e+00	0.0000e+00	0.0000e+00
5.0249e+00	2.4865e-01	-1.3203e-01	2.8543e+00	1.0000e+00	0.0000e+00
2.5901e-01	4.5586e-01	-2.1317e-02	2.7444e+00	0.0000e+00	0.0000e+00
4.6622e-01	4.5586e-01	-2.9770e-01	2.9838e+00	0.0000e+00	0.0000e+00
6.7344e-01	4.5586e-01	-9.6301e-03	3.1360e+00	0.0000e+00	0.0000e+00
8.8065e-01	4.5586e-01	-5.1569e-02	3.0730e+00	0.0000e+00	0.0000e+00
1.0879e+00	4.5586e-01	-4.3353e-02	3.0881e+00	0.0000e+00	0.0000e+00
1.2951e+00	4.5586e-01	1.6539e-01	3.1208e+00	0.0000e+00	0.0000e+00
1.5023e+00	4.5586e-01	2.8873e-01	2.9005e+00	0.0000e+00	0.0000e+00
1.7095e+00	4.5586e-01	2.2526e-01	2.9412e+00	0.0000e+00	0.0000e+00
1.9167e+00	4.5586e-01	3.0154e-01	3.0887e+00	0.0000e+00	0.0000e+00
2.1239e+00	4.5586e-01	-4.9275e-02	3.1308e+00	0.0000e+00	0.0000e+00
2.3311e+00	4.5586e-01	5.2332e-03	2.8694e+00	1.0000e+00	0.0000e+00
2.5383e+00	4.5586e-01	-5.4530e-02	2.8703e+00	1.0000e+00	0.0000e+00
2.7455e+00	4.5586e-01	-2.5208e-01	2.4821e+00	0.0000e+00	0.0000e+00
2.9528e+00	4.5586e-01	-2.7491e-01	2.5686e+00	0.0000e+00	0.0000e+00
3.1600e+00	4.5586e-01	-6.1816e-02	2.9554e+00	0.0000e+00	0.0000e+00
3.3672e+00	4.5586e-01	-5.1461e-02	2.8059e+00	0.0000e+00	0.0000e+00
3.5744e+00	4.5586e-01	2.4080e-01	3.0543e+00	0.0000e+00	0.0000e+00
3.7816e+00	4.5586e-01	-2.1037e-02	3.1401e+00	0.0000e+00	0.0000e+00
3.9888e+00	4.5586e-01	-1.7240e-01	2.9404e+00	0.0000e+00	0.0000e+00
4.1960e+00	4.5586e-01	-1.3025e-01	2.8876e+00	1.0000e+00	0.0000e+00
4.4032e+00	4.5586e-01	-1.4440e-01	2.6674e+00	0.0000e+00	0.0000e+00
4.6104e+00	4.5586e-01	-1.3053e-01	2.7193e+00	0.0000e+00	0.0000e+00
4.8177e+00	4.5586e-01	1.5315e-01	3.0888e+00	0.0000e+00	0.0000e+00
5.0249e+00	4.5586e-01	-1.2240e-01	2.8330e+00	1.0000e+00	0.0000e+00
2.5901e-01	6.6308e-01	-4.5080e-01	2.6522e+00	0.0000e+00	0.0000e+00
4.6622e-01	6.6308e-01	-4.4534e-01	2.8035e+00	0.0000e+00	0.0000e+00
6.7344e-01	6.6308e-01	-2.8334e-01	2.9878e+00	0.0000e+00	0.0000e+00
8.8065e-01	6.6308e-01	8.9336e-02	3.3132e+00	0.0000e+00	0.0000e+00
1.0879e+00	6.6308e-01	1.2208e-03	3.2076e+00	0.0000e+00	0.0000e+00
1.2951e+00	6.6308e-01	8.3764e-02	3.0980e+00	0.0000e+00	0.0000e+00
1.5023e+00	6.6308e-01	9.8825e-02	3.0044e+00	1.0000e+00	0.0000e+00
1.7095e+00	6.6308e-01	8.3133e-02	2.8842e+00	0.0000e+00	0.0000e+00
1.9167e+00	6.6308e-01	8.2339e-02	2.9753e+00	1.0000e+00	0.0000e+00
2.1239e+00	6.6308e-01	3.2213e-01	3.2257e+00	0.0000e+00	0.0000e+00
2.3311e+00	6.6308e-01	-3.8238e-01	3.0233e+00	0.0000e+00	0.0000e+00
2.5383e+00	6.6308e-01	-1.5505e-01	2.6687e+00	0.0000e+00	0.0000e+00
2.7455e+00	6.6308e-01	-2.5972e-01	2.5266e+00	0.0000e+00	0.0000e+00
2.9528e+00	6.6308e-01	-4.4524e-01	2.5662e+00	0.0000e+00	0.0000e+00
3.1600e+00	6.6308e-01	-2.8473e-01	2.6613e+00	0.0000e+00	0.0000e+00
3.3672e+00	6.6308e-01	-9.4098e-02	2.6984e+00	0.0000e+00	0.0000e+00
3.5744e+00	6.6308e-01	-3.5613e-01	2.7852e+00	0.0000e+00	0.0000e+00
3.7816e+00	6.6308e-01	6.3495e-02	3.1164e+00	0.0000e+00	0.0000e+00
3.9888e+00	6.6308e-01	-1.6012e-01	2.8453e+00	1.0000e+00	0.0000e+00
4.1960e+00	6.6308e-01	-1.6812e-01	2.8722e+00	1.0000e+00	0.0000e+00
4.4032e+00	6.6308e-01	-1.6588e-01	2.6873e+00	0.0000e+00	0.0000e+00
4.6104e+00	6.6308e-01	-2.5571e-01	2.6264e+00	0.0000e+00	0.0000e+00
4.8177e+00	6.6308e-01	-1.4725e-01	2.8502e+00	1.0000e+00	0.0000e+00
5.0249e+00	6.6308e-01	-1.4829e-01	2.8356e+00	1.0000e+00	0.0000e+00
2.5901e-01	8.7029e-01	5.8780e-02	2.6590e+00	0.0000e+00	0.0000e+00
4.6622e-01	8.7029e-01	-9.8601e-02	2.9316e+00	1.0000e+00	0.0000e+00
6.7344e-01	8.7029e-01	-5.2123e-01	3.0610e+00	0.0000e+00	0.0000e+00
8.8065e-01	8.7029e-01	-3.9193e-02	2.9377e+00	1.0000e+00	0.0000e+00
1.0879e+00	8.7029e-01	5.6073e-02	3.0524e+00	0.0000e+00	0.0000e+00
1.2951e+00	8.7029e-01	1.1880e-01	2.9546e+00	0.0000e+00	0.0000e+00
1.5023e+00	8.7029e-01	6.8773e-02	3.0122e+00	1.0000e+00	0.0000e+00
1.7095e+00	8.7029e-01	5.4130e-01	2.6057e+00	0.0000e+00	0.0000e+00
1.9167e+00	8.7029e-01	1.4445e-01	2.9054e+00	0.0000e+00	0.0000e+00
2.1239e+00	8.7029e-01	-1.1033e-01	3.4024e+00	0.0000e+00	0.0000e+00
2.3311e+00	8.7029e-01	-4.4154e-01	2.8748e+00	0.0000e+00	0.0000e+00
2.5383e+00	8.7029e-01	-6.5840e-02	2.8832e+00	1.0000e+00	0.0000e+00
2.7455e+00	8.7029e-01	-9.3162e-02	2.8342e+00	1.0000e+00	0.0000e+00
2.9528e+00	8.7029e-01	-1.7189e-01	2.5511e+00	0.0000e+00	0.0000e+00
3.1600e+00	8.7029e-01	-1.3989e-01	2.7867e+00	1.0000e+00	0.0000e+00
3.3672e+00	8.7029e-01	3.3701e-02	2.7563e+00	0.0000e+00	0.0000e+00
3.5744e+00	8.7029e-01	-2.8412e-01	2.9566e+00	0.0000e+00	0.0000e+00
3.7816e+00	8.7029e-01	-1.7088e-01	2.9921e+00	0.0000e+00	0.0000e+00
3.9888e+00	8.7029e-01	-1.6240e-01	2.8211e+00	1.0000e+00	0.0000e+00
4.1960e+00	8.7029e-01	-1.9927e-01	3.1300e+00	0.0000e+00	0.0000e+00
4.4032e+00	8.7029e-01	-1.5931e-01	2.8450e+00	1.0000e+00	0.0000e+00
4.6104e+00	8.7029e-01	-1.6163e-01	2.8279e+00	1.0000e+00	0.0000e+00
4.8177e+00	8.7029e-01	-4.9155e-01	3.0487e+00	0.0000e+00	0.0000e+00
5.0249e+00	8.7029e-01	-1.6584e-01	3.3037e+00	0.0000e+00	0.0000e+00
2.5901e-01	1.0775e+00	5.1638e-02	2.5919e+00	0.0000e+00	0.0000e+00
4.6622e-01	1.0775e+00	-7.1643e-02	2.9050e+00	1.0000e+00	0.0000e+00
6.7344e-01	1.0775e+00	2.2120e-02	2.7956e+00	0.0000e+00	0.0000e+00
8.8065e-01	1.0775e+00	4.0209e-02	2.7409e+00	0.0000e+00	0.0000e+00
1.0879e+00	1.0775e+00	1.6820e-01	2.6295e+00	0.0000e+00	0.0000e+00
1.2951e+00	1.0775e+00	3.6443e-01	2.7105e+00	0.0000e+00	0.0000e+00
1.5023e+00	1.0775e+00	2.8544e-01	2.5896e+00	0.0000e+00	0.0000e+00
1.7095e+00	1.0775e+00	3.3082e-01	2.5813e+00	0.0000e+00	0.0000e+00
1.9167e+00	1.0775e+00	1.4214e-01	3.0415e+00	0.0000e+00	0.0000e+00
2.1239e+00	1.0775e+00	1.8071e-02	3.1610e+00	0.0000e+00	0.0000e+00
2.3311e+00	1.0775e+00	-3.6662e-02	2.8873e+00	1.0000e+00	0.0000e+00
2.5383e+00	1.0775e+00	3.2514e-02	2.9655e+00	0.0000e+00	0.0000e+00
2.7455e+00	1.0775e+00	-2.3433e-01	2.6609e+00	0.0000e+00	0.0000e+00
2.9528e+00	1.0775e+00	-1.6099e-01	2.5858e+00	0.0000e+00	0.0000e+00
3.1600e+00	1.0775e+00	-2.5408e-01	2.5077e+00	0.0000e+00	0.0000e+00
3.3672e+00	1.0775e+00	-1.7560e-01	2.7263e+00	1.0000e+00	0.0000e+00
3.5744e+00	1.0775e+00	-4.1102e-01	2.8174e+00	0.0000e+00	0.0000e+00
3.7816e+00	1.0775e+00	-1.8469e-01	2.7768e+00	1.0000e+00	0.0000e+00
3.9888e+00	1.0775e+00	-3.6214e-01	2.9801e+00	0.0000e+00	0.0000e+00
4.1960e+00	1.0775e+00	8.3830e-02	2.7899e+00	0.0000e+00	0.0000e+00
4.4032e+00	1.0775e+00	1.0942e-01	2.6982e+00	0.0000e+00	0.0000e+00
4.6104e+00	1.0775e+00	-1.5459e-01	2.7283e+00	0.0000e+00	0.0000e+00
4.8177e+00	1.0775e+00	-1.4816e-01	2.7945e+00	1.0000e+00	0.0000e+00
5.0249e+00	1.0775e+00	-1.4468e-01	2.7906e+00	1.0000e+00	0.0000e+00
2.5901e-01	1.2847e+00	-1.0337e-01	2.8439e+00	1.0000e+00	0.0000e+00
4.6622e-01	1.2847e+00	-9.9592e-02	2.9498e+00	0.0000e+00	0.0000e+00
6.7344e-01	1.2847e+00	2.2918e-02	3.0212e+00	0.0000e+00	0.0000e+00
8.8065e-01	1.2847e+00	-3.9596e-02	2.8714e+00	1.0000e+00	0.0000e+00
1.0879e+00	1.2847e+00	2.7047e-03	2.9042e+00	1.0000e+00	0.0000e+00
1.2951e+00	1.2847e+00	1.4701e-02	2.9250e+00	1.0000e+00	0.0000e+00
1.5023e+00	1.2847e+00	3.4316e-02	2.9508e+00	1.0000e+00	0.0000e+00
1.7095e+00	1.2847e+00	1.0820e-02	2.9580e+00	1.0000e+00	0.0000e+00
1.9167e+00	1.2847e+00	5.5379e-03	2.9559e+00	1.0000e+00	0.0000e+00
2.1239e+00	1.2847e+00	-1.5686e-01	3.3240e+00	0.0000e+00	0.0000e+00
2.3311e+00	1.2847e+00	-4.1501e-02	2.8811e+00	1.0000e+00	0.0000e+00
2.5383e+00	1.2847e+00	-8.3465e-02	3.0341e+00	0.0000e+00	0.0000e+00
2.7455e+00	1.2847e+00	-1.1743e-01	2.7824e+00	1.0000e+00	0.0000e+00
2.9528e+00	1.2847e+00	-1.0495e-01	2.5395e+00	0.0000e+00	0.0000e+00
3.1600e+00	1.2847e+00	-1.7534e-01	2.7033e+00	1.0000e+00	0.0000e+00
3.3672e+00	1.2847e+00	-1.3089e-01	2.4238e+00	0.0000e+00	0.0000e+00
3.5744e+00	1.2847e+00	-3.5006e-01	2.9023e+00	0.0000e+00	0.0000e+00
3.7816e+00	1.2847e+00	-4.8667e-01	2.9161e+00	0.0000e+00	0.0000e+00
3.9888e+00	1.2847e+00	-2.7464e-01	2.6425e+00	0.0000e+00	0.0000e+00
4.1960e+00	1.2847e+00	-4.1245e-01	2.6286e+00	0.0000e+00	0.0000e+00
4.4032e+00	1.2847e+00	-4.8832e-01	2.9146e+00	0.0000e+00	0.0000e+00
4.6104e+00	1.2847e+00	-3.4317e-01	2.8240e+00	0.0000e+00	0.0000e+00
4.8177e+00	1.2847e+00	-1.5074e-01	2.7540e+00	1.0000e+00	0.0000e+00
5.0249e+00	1.2847e+00	-1.3248e-01	2.9215e+00	0.0000e+00	0.0000e+00
2.5901e-01	1.4919e+00	-2.0222e-01	2.7648e+00	0.0000e+00	0.0000e+00
4.6622e-01	1.4919e+00	1.0599e-01	3.0128e+00	0.0000e+00	0.0000e+00
6.7344e-01	1.4919e+00	-6.6531e-02	2.8149e+00	1.0000e+00	0.0000e+00
8.8065e-01	1.4919e+00	-5.1559e-03	3.0397e+00	0.0000e+00	0.0000e+00
1.0879e+00	1.4919e+00	-7.3479e-02	3.0274e+00	0.0000e+00	0.0000e+00
1.2951e+00	1.4919e+00	-5.9013e-03	2.8934e+00	1.0000e+00	0.0000e+00
1.5023e+00	1.4919e+00	1.2552e-02	2.9185e+00	1.0000e+00	0.0000e+00
1.7095e+00	1.4919e+00	-2.7622e-01	3.1282e+00	0.0000e+00	0.0000e+00
1.9167e+00	1.4919e+00	-5.2672e-01	3.2428e+00	0.0000e+00	0.0000e+00
2.1239e+00	1.4919e+00	5.5464e-02	3.1590e+00	0.0000e+00	0.0000e+00
2.3311e+00	1.4919e+00	3.1290e-02	3.2030e+00	0.0000e+00	0.0000e+00
2.5383e+00	1.4919e+00	6.0466e-02	3.0148e+00	0.0000e+00	0.0000e+00
2.7455e+00	1.4919e+00	1.1932e-01	2.7414e+00	0.0000e+00	0.0000e+00
2.9528e+00	1.4919e+00	-1.4996e-01	2.7268e+00	1.0000e+00	0.0000e+00
3.1600e+00	1.4919e+00	-2.1159e-01	2.5121e+00	0.0000e+00	0.0000e+00
3.3672e+00	1.4919e+00	-4.5432e-01	2.4634e+00	0.0000e+00	0.0000e+00
3.5744e+00	1.4919e+00	4.9836e-02	2.6667e+00	0.0000e+00	0.0000e+00
3.7816e+00	1.4919e+00	-6.2462e-02	2.7842e+00	0.0000e+00	0.0000e+00
3.9888e+00	1.4919e+00	-2.2831e-01	2.6849e+00	1.0000e+00	0.0000e+00
4.1960e+00	1.4919e+00	-2.1021e-01	2.7024e+00	1.0000e+00	0.0000e+00
4.4032e+00	1.4919e+00	-3.2333e-01	2.9001e+00	0.0000e+00	0.0000e+00
4.6104e+00	1.4919e+00	1.0405e-02	2.5521e+00	0.0000e+00	0.0000e+00
4.8177e+00	1.4919e+00	-1.0487e-01	2.5172e+00	0.0000e+00	0.0000e+00
5.0249e+00	1.4919e+00	-2.8674e-01	2.7846e+00	0.0000e+00	0.0000e+00
2.5901e-01	1.6991e+00	-9.8156e-02	2.7364e+00	1.0000e+00	0.0000e+00
4.6622e-01	1.6991e+00	-8.8718e-02	2.7514e+00	1.0000e+00	0.0000e+00
6.7344e-01	1.6991e+00	-3.8015e-03	3.1150e+00	0.0000e+00	0.0000e+00
8.8065e-01	1.6991e+00	-6.2855e-02	2.7645e+00	0.0000e+00	0.0000e+00
1.0879e+00	1.6991e+00	9.0000e-02	2.7943e+00	0.0000e+00	0.0000e+00
1.2951e+00	1.6991e+00	1.8637e-02	2.7307e+00	0.0000e+00	0.0000e+00
1.5023e+00	1.6991e+00	-3.7071e-02	2.8925e+00	1.0000e+00	0.0000e+00
1.7095e+00	1.6991e+00	-3.1355e-02	2.9161e+00	1.0000e+00	0.0000e+00
1.9167e+00	1.6991e+00	-2.7694e-02	2.9299e+00	1.0000e+00	0.0000e+00
2.1239e+00	1.6991e+00	-1.5646e-01	2.9076e+00	0.0000e+00	0.0000e+00
2.3311e+00	1.6991e+00	-4.0043e-02	2.9908e+00	0.0000e+00	0.0000e+00
2.5383e+00	1.6991e+00	1.4439e-01	3.0039e+00	0.0000e+00	0.0000e+00
2.7455e+00	1.6991e+00	3.4106e-01	2.7522e+00	0.0000e+00	0.0000e+00
2.9528e+00	1.6991e+00	7.5383e-02	2.4303e+00	0.0000e+00	0.0000e+00
3.1600e+00	1.6991e+00	-1.8797e-01	2.6585e+00	1.0000e+00	0.0000e+00
3.3672e+00	1.6991e+00	-2.3049e-01	2.6211e+00	1.0000e+00	0.0000e+00
3.5744e+00	1.6991e+00	-4.2778e-01	2.5237e+00	0.0000e+00	0.0000e+00
3.7816e+00	1.6991e+00	-3.7883e-01	2.6264e+00	0.0000e+00	0.0000e+00
3.9888e+00	1.6991e+00	-2.5103e-01	2.6407e+00	1.0000e+00	0.0000e+00
4.1960e+00	1.6991e+00	-9.7294e-02	2.6420e+00	0.0000e+00	0.0000e+00
4.4032e+00	1.6991e+00	1.1793e-01	2.8204e+00	0.0000e+00	0.0000e+00
4.6104e+00	1.6991e+00	-4.7138e-02	2.6161e+00	0.0000e+00	0.0000e+00
4.8177e+00	1.6991e+00	-5.4378e-02	2.5510e+00	0.0000e+00	0.0000e+00
5.0249e+00	1.6991e+00	1.6293e-02	2.6345e+00	0.0000e+00	0.0000e+00
2.5901e-01	1.9063e+00	-6.3135e-01	2.4291e+00	0.0000e+00	0.0000e+00
4.6622e-01	1.9063e+00	-7.3329e-02	2.7272e+00	1.0000e+00	0.0000e+00
6.7344e-01	1.9063e+00	-7.6540e-02	2.7782e+00	0.0000e+00	0.0000e+00
8.8065e-01	1.9063e+00	2.4758e-01	2.6834e+00	0.0000e+00	0.0000e+00
1.0879e+00	1.9063e+00	-6.5968e-02	2.8389e+00	1.0000e+00	0.0000e+00
1.2951e+00	1.9063e+00	-7.0231e-02	2.8717e+00	1.0000e+00	0.0000e+00
1.5023e+00	1.9063e+00	-2.1386e-01	2.9726e+00	0.0000e+00	0.0000e+00
1.7095e+00	1.9063e+00	1.7913e-02	3.1671e+00	0.0000e+00	0.0000e+00
1.9167e+00	1.9063e+00	-4.2122e-02	2.9101e+00	1.0000e+00	0.0000e+00
2.1239e+00	1.9063e+00	7.9889e-02	2.6413e+00	0.0000e+00	0.0000e+00
2.3311e+00	1.9063e+00	-2.9938e-02	2.8327e+00	1.0000e+00	0.0000e+00
2.5383e+00	1.9063e+00	-5.1484e-02	2.7790e+00	1.0000e+00	0.0000e+00
2.7455e+00	1.9063e+00	-7.0416e-02	2.7138e+00	1.0000e+00	0.0000e+00
2.9528e+00	1.9063e+00	-2.3218e-01	2.5245e+00	0.0000e+00	0.0000e+00
3.1600e+00	1.9063e+00	-4.9077e-01	2.6138e+00	0.0000e+00	0.0000e+00
3.3672e+00	1.9063e+00	-4.1989e-01	2.4363e+00	0.0000e+00	0.0000e+00
3.5744e+00	1.9063e+00	-3.8434e-01	2.3995e+00	0.0000e+00	0.0000e+00
3.7816e+00	1.9063e+00	-3.4161e-01	2.3739e+00	0.0000e+00	0.0000e+00
3.9888e+00	1.9063e+00	-2.5586e-01	2.4446e+00	0.0000e+00	0.0000e+00
4.1960e+00	1.9063e+00	-3.2918e-01	2.5369e+00	0.0000e+00	0.0000e+00
4.4032e+00	1.9063e+00	-9.9469e-02	2.6067e+00	0.0000e+00	0.0000e+00
4.6104e+00	1.9063e+00	-2.4319e-02	2.6373e+00	0.0000e+00	0.0000e+00
4.8177e+00	1.9063e+00	3.0659e-02	2.5370e+00	0.0000e+00	0.0000e+00
5.0249e+00	1.9063e+00	-1.9055e-02	2.4792e+00	0.0000e+00	0.0000e+00
2.5901e-01	2.1136e+00	-5.3988e-01	2.3962e+00	0.0000e+00	0.0000e+00
4.6622e-01	2.1136e+00	-3.3443e-01	2.5426e+00	0.0000e+00	0.0000e+00
6.7344e-01	2.1136e+00	-5.4827e-01	2.6782e+00	0.0000e+00	0.0000e+00
8.8065e-01	2.1136e+00	-2.2247e-02	2.7363e+00	1.0000e+00	0.0000e+00
1.0879e+00	2.1136e+00	-2.7727e-02	2.7916e+00	1.0000e+00	0.0000e+00
1.2951e+00	2.1136e+00	-3.7569e-02	2.8249e+00	1.0000e+00	0.0000e+00
1.5023e+00	2.1136e+00	-2.7470e-02	2.8266e+00	1.0000e+00	0.0000e+00
1.7095e+00	2.1136e+00	7.4167e-02	3.0273e+00	0.0000e+00	0.0000e+00
1.9167e+00	2.1136e+00	-1.5971e-01	3.0229e+00	0.0000e+00	0.0000e+00
2.1239e+00	2.1136e+00	-6.3045e-03	2.8444e+00	1.0000e+00	0.0000e+00
2.3311e+00	2.1136e+00	1.2988e-01	3.0517e+00	0.0000e+00	0.0000e+00
2.5383e+00	2.1136e+00	-2.3112e-01	2.9004e+00	0.0000e+00	0.0000e+00
2.7455e+00	2.1136e+00	-4.1910e-02	2.7957e+00	0.0000e+00	0.0000e+00
2.9528e+00	2.1136e+00	-1.6186e-01	2.6187e+00	0.0000e+00	0.0000e+00
3.1600e+00	2.1136e+00	-1.5980e-01	2.5963e+00	1.0000e+00	0.0000e+00
3.3672e+00	2.1136e+00	-4.1213e-01	2.5330e+00	0.0000e+00	0.0000e+00
3.5744e+00	2.1136e+00	-4.7552e-01	2.4875e+00	0.0000e+00	0.0000e+00
3.7816e+00	2.1136e+00	-4.4608e-01	2.5082e+00	0.0000e+00	0.0000e+00
3.9888e+00	2.1136e+00	-4.6146e-01	2.5517e+00	0.0000e+00	0.0000e+00
4.1960e+00	2.1136e+00	-1.8175e-01	2.6024e+00	1.0000e+00	0.0000e+00
4.4032e+00	2.1136e+00	-4.2993e-02	2.5367e+00	0.0000e+00	0.0000e+00
4.6104e+00	2.1136e+00	-6.4974e-02	2.5728e+00	0.0000e+00	0.0000e+00
4.8177e+00	2.1136e+00	-2.4392e-03	2.6230e+00	0.0000e+00	0.0000e+00
5.0249e+00	2.1136e+00	-8.5589e-03	2.4937e+00	0.0000e+00	0.0000e+00
2.5901e-01	2.3208e+00	4.1131e-01	2.1371e+00	0.0000e+00	0.0000e+00
4.6622e-01	2.3208e+00	-3.1755e-02	2.5347e+00	0.0000e+00	0.0000e+00
6.7344e-01	2.3208e+00	-1.7551e-01	2.7453e+00	0.0000e+00	0.0000e+00
8.8065e-01	2.3208e+00	-3.2783e-01	2.6010e+00	0.0000e+00	0.0000e+00
1.0879e+00	2.3208e+00	-4.1696e-01	2.6651e+00	0.0000e+00	0.0000e+00
1.2951e+00	2.3208e+00	-3.4239e-01	3.1105e+00	0.0000e+00	0.0000e+00
1.5023e+00	2.3208e+00	-1.8615e-01	3.1465e+00	0.0000e+00	0.0000e+00
1.7095e+00	2.3208e+00	-2.2059e-01	2.7100e+00	0.0000e+00	0.0000e+00
1.9167e+00	2.3208e+00	-3.6413e-03	2.7844e+00	1.0000e+00	0.0000e+00
2.1239e+00	2.3208e+00	-1.6703e-01	2.6049e+00	0.0000e+00	0.0000e+00
2.3311e+00	2.3208e+00	9.2551e-02	2.7116e+00	0.0000e+00	0.0000e+00
2.5383e+00	2.3208e+00	-6.1358e-02	2.6784e+00	1.0000e+00	0.0000e+00
2.7455e+00	2.3208e+00	5.5988e-02	2.8732e+00	0.0000e+00	0.0000e+00
2.9528e+00	2.3208e+00	-1.3108e-01	2.3997e+00	0.0000e+00	0.0000e+00
3.1600e+00	2.3208e+00	5.7249e-04	2.3996e+00	0.0000e+00	0.0000e+00
3.3672e+00	2.3208e+00	-1.1531e-01	2.5276e+00	0.0000e+00	0.0000e+00
3.5744e+00	2.3208e+00	-4.3474e-01	2.6881e+00	0.0000e+00	0.0000e+00
3.7816e+00	2.3208e+00	-4.2697e-01	2.6325e+00	0.0000e+00	0.0000e+00
3.9888e+00	2.3208e+00	-4.1304e-01	2.5919e+00	0.0000e+00	0.0000e+00
4.1960e+00	2.3208e+00	-4.5291e-01	2.6605e+00	0.0000e+00	0.0000e+00
4.4032e+00	2.3208e+00	-2.2730e-01	2.5112e+00	0.0000e+00	0.0000e+00
4.6104e+00	2.3208e+00	-1.4629e-01	2.5781e+00	0.0000e+00	0.0000e+00
4.8177e+00	2.3208e+00	-9.4833e-02	2.5886e+00	1.0000e+00	0.0000e+00
5.0249e+00	2.3208e+00	-1.4635e-01	2.6186e+00	0.0000e+00	0.0000e+00
2.5901e-01	2.5280e+00	6.5697e-01	2.2590e+00	0.0000e+00	0.0000e+00
4.6622e-01	2.5280e+00	-1.8324e-03	2.5965e+00	0.0000e+00	0.0000e+00
6.7344e-01	2.5280e+00	-1.0233e-02	2.6661e+00	0.0000e+00	0.0000e+00
8.8065e-01	2.5280e+00	6.5934e-02	2.6582e+00	1.0000e+00	0.0000e+00
1.0879e+00	2.5280e+00	5.1836e-02	2.6940e+00	1.0000e+00	0.0000e+00
1.2951e+00	2.5280e+00	4.0217e-02	2.7149e+00	1.0000e+00	0.0000e+00
1.5023e+00	2.5280e+00	3.7681e-02	2.7143e+00	1.0000e+00	0.0000e+00
1.7095e+00	2.5280e+00	2.8149e-02	2.7150e+00	1.0000e+00	0.0000e+00
1.9167e+00	2.5280e+00	1.0412e-02	2.7329e+00	1.0000e+00	0.0000e+00
2.1239e+00	2.5280e+00	-4.9468e-03	2.7266e+00	1.0000e+00	0.0000e+00
2.3311e+00	2.5280e+00	1.1205e-01	2.5751e+00	0.0000e+00	0.0000e+00
2.5383e+00	2.5280e+00	1.8875e-01	2.8192e+00	0.0000e+00	0.0000e+00
2.7455e+00	2.5280e+00	-4.2263e-02	2.7253e+00	0.0000e+00	0.0000e+00
2.9528e+00	2.5280e+00	2.5028e-01	2.1728e+00	0.0000e+00	0.0000e+00
3.1600e+00	2.5280e+00	-1.7365e-01	2.5608e+00	1.0000e+00	0.0000e+00
3.3672e+00	2.5280e+00	9.3318e-02	2.4907e+00	0.0000e+00	0.0000e+00
3.5744e+00	2.5280e+00	-2.5985e-03	2.6467e+00	0.0000e+00	0.0000e+00
3.7816e+00	2.5280e+00	-6.5647e-02	2.6546e+00	0.0000e+00	0.0000e+00
3.9888e+00	2.5280e+00	-1.7796e-01	2.6296e+00	0.0000e+00	0.0000e+00
4.1960e+00	2.5280e+00	-1.7339e-01	2.5708e+00	1.0000e+00	0.0000e+00
4.4032e+00	2.5280e+00	-1.6386e-01	2.5916e+00	0.0000e+00	0.0000e+00
4.6104e+00	2.5280e+00	-2.2308e-01	2.7606e+00	0.0000e+00	0.0000e+00
4.8177e+00	2.5280e+00	-7.9503e-02	2.7189e+00	0.0000e+00	0.0000e+00
5.0249e+00	2.5280e+00	-6.7324e-02	2.5640e+00	1.0000e+00	0.0000e+00
2.5901e-01	2.7352e+00	7.1142e-01	2.6661e+00	0.0000e+00	0.0000e+00
4.6622e-01	2.7352e+00	4.5538e-01	2.7635e+00	0.0000e+00	0.0000e+00
6.7344e-01	2.7352e+00	1.8876e-01	2.7680e+00	0.0000e+00	0.0000e+00
8.8065e-01	2.7352e+00	1.2879e-01	2.6443e+00	1.0000e+00	0.0000e+00
1.0879e+00	2.7352e+00	3.2672e-01	2.5019e+00	0.0000e+00	0.0000e+00
1.2951e+00	2.7352e+00	2.9043e-01	2.5376e+00	0.0000e+00	0.0000e+00
1.5023e+00	2.7352e+00	5.8840e-02	2.6713e+00	1.0000e+00	0.0000e+00
1.7095e+00	2.7352e+00	4.3234e-01	2.4260e+00	0.0000e+00	0.0000e+00
1.9167e+00	2.7352e+00	2.9269e-01	2.8111e+00	0.0000e+00	0.0000e+00
2.1239e+00	2.7352e+00	-1.3780e-03	2.6782e+00	1.0000e+00	0.0000e+00
2.3311e+00	2.7352e+00	1.7060e-01	2.5482e+00	0.0000e+00	0.0000e+00
2.5383e+00	2.7352e+00	-1.2716e-01	2.7308e+00	0.0000e+00	0.0000e+00
2.7455e+00	2.7352e+00	-8.4863e-02	2.5798e+00	1.0000e+00	0.0000e+00
2.9528e+00	2.7352e+00	-2.9838e-01	2.1909e+00	0.0000e+00	0.0000e+00
3.1600e+00	2.7352e+00	-3.7907e-01	2.2994e+00	0.0000e+00	0.0000e+00
3.3672e+00	2.7352e+00	-3.8357e-01	2.3585e+00	0.0000e+00	0.0000e+00
3.5744e+00	2.7352e+00	-2.0137e-01	2.5379e+00	1.0000e+00	0.0000e+00
3.7816e+00	2.7352e+00	-2.1165e-01	2.5554e+00	1.0000e+00	0.0000e+00
3.9888e+00	2.7352e+00	-1.9992e-01	2.5699e+00	1.0000e+00	0.0000e+00
4.1960e+00	2.7352e+00	5.3343e-03	2.6104e+00	0.0000e+00	0.0000e+00
4.4032e+00	2.7352e+00	-1.3919e-01	2.5774e+00	1.0000e+00	0.0000e+00
4.6104e+00	2.7352e+00	3.6641e-02	2.6131e+00	0.0000e+00	0.0000e+00
4.8177e+00	2.7352e+00	5.0410e-03	2.6180e+00	0.0000e+00	0.0000e+00
5.0249e+00	2.7352e+00	-9.8960e-02	2.4963e+00	0.0000e+00	0.0000e+00
2.5901e-01	2.9424e+00	5.2886e-01	2.7579e+00	0.0000e+00	0.0000e+00
4.6622e-01	2.9424e+00	3.7830e-01	2.6793e+00	0.0000e+00	0.0000e+00
6.7344e-01	2.9424e+00	3.8725e-01	2.7741e+00	0.0000e+00	0.0000e+00
8.8065e-01	2.9424e+00	3.6776e-01	2.6657e+00	0.0000e+00	0.0000e+00
1.0879e+00	2.9424e+00	3.9290e-01	2.2925e+00	0.0000e+00	0.0000e+00
1.2951e+00	2.9424e+00	1.9878e-01	2.4251e+00	0.0000e+00	0.0000e+00
1.5023e+00	2.9424e+00	8.4089e-02	2.6271e+00	1.0000e+00	0.0000e+00
1.7095e+00	2.9424e+00	3.1063e-01	2.4775e+00	0.0000e+00	0.0000e+00
1.9167e+00	2.9424e+00	-2.1844e-03	2.6260e+00	0.0000e+00	0.0000e+00
2.1239e+00	2.9424e+00	-9.8760e-02	2.6894e+00	0.0000e+00	0.0000e+00
2.3311e+00	2.9424e+00	-2.6420e-01	2.5620e+00	0.0000e+00	0.0000e+00
2.5383e+00	2.9424e+00	-2.3103e-01	2.6633e+00	0.0000e+00	0.0000e+00
2.7455e+00	2.9424e+00	-3.6415e-01	2.5690e+00	0.0000e+00	0.0000e+00
2.9528e+00	2.9424e+00	-2.1726e-01	2.4162e+00	0.0000e+00	0.0000e+00
3.1600e+00	2.9424e+00	-1.8560e-01	2.5063e+00	0.0000e+00	0.0000e+00
3.3672e+00	2.9424e+00	-2.0465e-01	2.4303e+00	0.0000e+00	0.0000e+00
3.5744e+00	2.9424e+00	-1.2803e-01	2.6653e+00	0.0000e+00	0.0000e+00
3.7816e+00	2.9424e+00	-1.1444e-02	2.4393e+00	0.0000e+00	0.0000e+00
3.9888e+00	2.9424e+00	-1.7615e-01	2.5826e+00	1.0000e+00	0.0000e+00
4.1960e+00	2.9424e+00	-3.0279e-01	2.6673e+00	0.0000e+00	0.0000e+00
4.4032e+00	2.9424e+00	-4.7962e-02	2.4946e+00	0.0000e+00	0.0000e+00
4.6104e+00	2.9424e+00	-6.5711e-02	2.5077e+00	0.0000e+00	0.0000e+00
4.8177e+00	2.9424e+00	-1.2859e-01	2.5019e+00	0.0000e+00	0.0000e+00
5.0249e+00	2.9424e+00	-1.0093e-02	2.4641e+00	0.0000e+00	0.0000e+00
2.5901e-01	3.1496e+00	3.1739e-01	2.6472e+00	1.0000e+00	0.0000e+00
4.6622e-01	3.1496e+00	3.0847e-01	2.6423e+00	1.0000e+00	0.0000e+00
6.7344e-01	3.1496e+00	2.8117e-01	2.6296e+00	1.0000e+00	0.0000e+00
8.8065e-01	3.1496e+00	2.4242e-01	2.6297e+00	1.0000e+00	0.0000e+00
1.0879e+00	3.1496e+00	1.9348e-01	2.6168e+00	1.0000e+00	0.0000e+00
1.2951e+00	3.1496e+00	1.4691e-01	2.5271e+00	0.0000e+00	0.0000e+00
1.5023e+00	3.1496e+00	-5.0820e-02	2.5114e+00	0.0000e+00	0.0000e+00
1.7095e+00	3.1496e+00	1.0676e-01	2.5793e+00	1.0000e+00	0.0000e+00
1.9167e+00	3.1496e+00	6.1406e-02	2.5816e+00	1.0000e+00	0.0000e+00
2.1239e+00	3.1496e+00	1.4615e-01	2.7398e+00	0.0000e+00	0.0000e+00
2.3311e+00	3.1496e+00	3.5696e-02	2.2787e+00	0.0000e+00	0.0000e+00
2.5383e+00	3.1496e+00	4.4316e-02	2.7314e+00	0.0000e+00	0.0000e+00
2.7455e+00	3.1496e+00	-7.7675e-02	2.5293e+00	1.0000e+00	0.0000e+00
2.9528e+00	3.1496e+00	-5.8933e-02	2.6114e+00	0.0000e+00	0.0000e+00
3.1600e+00	3.1496e+00	-6.8536e-02	2.5819e+00	0.0000e+00	0.0000e+00
3.3672e+00	3.1496e+00	-1.7364e-01	2.5021e+00	0.0000e+00	0.0000e+00
3.5744e+00	3.1496e+00	-1.8415e-01	2.5429e+00	0.0000e+00	0.0000e+00
3.7816e+00	3.1496e+00	-1.7021e-01	2.5628e+00	1.0000e+00	0.0000e+00
3.9888e+00	3.1496e+00	-2.2521e-01	2.6067e+00	0.0000e+00	0.0000e+00
4.1960e+00	3.1496e+00	-1.4150e-01	2.5554e+00	0.0000e+00	0.0000e+00
4.4032e+00	3.1496e+00	-3.3869e-02	2.5390e+00	0.0000e+00	0.0000e+00
4.6104e+00	3.1496e+00	-8.8058e-02	2.5940e+00	1.0000e+00	0.0000e+00
4.8177e+00	3.1496e+00	7.5229e-02	2.3872e+00	0.0000e+00	0.0000e+00
5.0249e+00	3.1496e+00	-3.6904e-02	2.5790e+00	1.0000e+00	0.0000e+00
2.5901e-01	3.3568e+00	3.4562e-01	2.6692e+00	1.0000e+00	0.0000e+00
4.6622e-01	3.3568e+00	4.0826e-01	2.9746e+00	0.0000e+00	0.0000e+00
6.7344e-01	3.3568e+00	5.5427e-01	2.4979e+00	0.0000e+00	0.0000e+00
8.8065e-01	3.3568e+00	2.6720e-01	2.6341e+00	1.0000e+00	0.0000e+00
1.0879e+00	3.3568e+00	4.2551e-01	2.6367e+00	0.0000e+00	0.0000e+00
1.2951e+00	3.3568e+00	1.0207e-01	2.6592e+00	0.0000e+00	0.0000e+00
1.5023e+00	3.3568e+00	-7.9456e-02	2.5530e+00	0.0000e+00	0.0000e+00
1.7095e+00	3.3568e+00	3.5150e-02	2.5107e+00	0.0000e+00	0.0000e+00
1.9167e+00	3.3568e+00	6.1402e-02	2.5560e+00	1.0000e+00	0.0000e+00
2.1239e+00	3.3568e+00	1.7784e-02	2.5531e+00	1.0000e+00	0.0000e+00
2.3311e+00	3.3568e+00	-9.5568e-04	2.5323e+00	1.0000e+00	0.0000e+00
2.5383e+00	3.3568e+00	-5.4212e-02	2.5288e+00	1.0000e+00	0.0000e+00
2.7455e+00	3.3568e+00	-1.0490e-01	2.5189e+00	1.0000e+00	0.0000e+00
2.9528e+00	3.3568e+00	1.0296e-01	2.5481e+00	0.0000e+00	0.0000e+00
3.1600e+00	3.3568e+00	-1.6726e-01	2.4481e+00	0.0000e+00	0.0000e+00
3.3672e+00	3.3568e+00	-2.9908e-01	2.5108e+00	0.0000e+00	0.0000e+00
3.5744e+00	3.3568e+00	-1.6203e-01	2.4916e+00	0.0000e+00	0.0000e+00
3.7816e+00	3.3568e+00	-2.6554e-01	2.6358e+00	0.0000e+00	0.0000e+00
3.9888e+00	3.3568e+00	-3.1002e-01	2.7008e+00	0.0000e+00	0.0000e+00
4.1960e+00	3.3568e+00	-2.9525e-01	2.7324e+00	0.0000e+00	0.0000e+00
4.4032e+00	3.3568e+00	-3.6261e-01	2.5624e+00	0.0000e+00	0.0000e+00
4.6104e+00	3.3568e+00	-3.2920e-02	2.4564e+00	0.0000e+00	0.0000e+00
4.8177e+00	3.3568e+00	1.4442e-01	2.5293e+00	0.0000e+00	0.0000e+00
5.0249e+00	3.3568e+00	3.2152e-01	2.5935e+00	0.0000e+00	0.0000e+00
2.5901e-01	3.5640e+00	3.3946e-01	2.6603e+00	1.0000e+00	0.0000e+00
4.6622e-01	3.5640e+00	3.3486e-01	2.6555e+00	1.0000e+00	0.0000e+00
6.7344e-01	3.5640e+00	-8.3652e-02	2.3933e+00	0.0000e+00	0.0000e+00
8.8065e-01	3.5640e+00	2.5694e-01	2.6312e+00	1.0000e+00	0.0000e+00
1.0879e+00	3.5640e+00	2.3608e-01	3.0141e+00	0.0000e+00	0.0000e+00
1.2951e+00	3.5640e+00	9.5169e-02	2.5332e+00	0.0000e+00	0.0000e+00
1.5023e+00	3.5640e+00	4.3310e-03	2.7425e+00	0.0000e+00	0.0000e+00
1.7095e+00	3.5640e+00	-1.5657e-02	2.5078e+00	0.0000e+00	0.0000e+00
1.9167e+00	3.5640e+00	1.0961e-01	2.1507e+00	0.0000e+00	0.0000e+00
2.1239e+00	3.5640e+00	3.1777e-01	2.4087e+00	0.0000e+00	0.0000e+00
2.3311e+00	3.5640e+00	-1.4522e-02	2.5233e+00	1.0000e+00	0.0000e+00
2.5383e+00	3.5640e+00	-7.5932e-02	2.3670e+00	0.0000e+00	0.0000e+00
2.7455e+00	3.5640e+00	-3.4266e-02	2.4168e+00	0.0000e+00	0.0000e+00
2.9528e+00	3.5640e+00	-1.7050e-01	2.5876e+00	0.0000e+00	0.0000e+00
3.1600e+00	3.5640e+00	-1.5987e-01	2.5107e+00	0.0000e+00	0.0000e+00
3.3672e+00	3.5640e+00	-1.6047e-01	2.5460e+00	1.0000e+00	0.0000e+00
3.5744e+00	3.5640e+00	-1.1557e-01	2.5663e+00	0.0000e+00	0.0000e+00
3.7816e+00	3.5640e+00	-2.2798e-01	2.6018e+00	0.0000e+00	0.0000e+00
3.9888e+00	3.5640e+00	-1.4832e-01	2.6787e+00	0.0000e+00	0.0000e+00
4.1960e+00	3.5640e+00	-1.2936e-01	2.5818e+00	1.0000e+00	0.0000e+00
4.4032e+00	3.5640e+00	-8.3845e-02	2.7592e+00	0.0000e+00	0.0000e+00
4.6104e+00	3.5640e+00	-4.9295e-02	2.6796e+00	0.0000e+00	0.0000e+00
4.8177e+00	3.5640e+00	3.3162e-02	2.6603e+00	0.0000e+00	0.0000e+00
5.0249e+00	3.5640e+00	1.8882e-01	2.6475e+00	0.0000e+00	0.0000e+00
